FIPS,increase_week_prior,increase_day_prior
1001,1,1
1003,1,1
1005,1,1
1007,1,0
1009,1,0
1011,1,1
1013,1,1
1015,1,1
1017,1,0
1019,1,0
1021,1,1
1023,1,1
1025,1,1
1027,1,0
1029,0,0
1031,1,1
1033,1,1
1035,1,1
1037,1,0
1039,1,0
1041,1,1
1043,1,0
1045,1,1
1047,1,1
1049,1,1
1051,1,0
1053,1,0
1055,1,1
1057,1,0
1059,1,1
1061,1,1
1063,1,1
1065,1,0
1067,1,1
1069,1,1
1071,1,0
1073,1,1
1075,1,1
1077,1,1
1079,1,0
1081,1,1
1083,1,1
1085,1,0
1087,1,1
1089,1,1
1091,1,1
1093,1,1
1095,1,1
1097,1,1
1099,1,1
1101,1,1
1103,1,1
1105,1,0
1107,1,0
1109,1,1
1111,1,0
1113,1,1
1115,1,1
1117,1,1
1119,1,0
1121,1,1
1123,1,1
1125,1,1
1127,1,1
1129,1,1
1131,1,1
1133,1,0
2013,0,0
2016,0,0
2020,1,0
2050,0,0
2060,0,0
2068,0,0
2070,0,0
2090,1,0
2100,0,0
2105,0,0
2110,0,0
2122,1,0
2130,0,0
2150,0,0
2158,0,0
2164,0,0
2170,0,0
2180,0,0
2185,0,0
2188,0,0
2195,0,0
2198,0,0
2220,0,0
2230,0,0
2240,0,0
2261,0,0
2275,0,0
2282,0,0
2290,0,0
4001,1,1
4003,1,0
4005,1,1
4007,1,0
4009,1,1
4011,0,0
4012,1,1
4013,1,1
4015,1,1
4017,1,1
4019,1,1
4021,1,1
4023,1,0
4025,1,1
4027,1,1
5001,0,0
5003,1,0
5005,0,0
5007,1,1
5009,0,0
5011,1,1
5013,0,0
5015,0,0
5017,0,0
5019,1,1
5021,0,0
5023,0,0
5025,1,1
5027,0,0
5029,1,1
5031,1,1
5033,1,0
5035,1,1
5037,1,1
5039,0,0
5041,0,0
5043,0,0
5045,1,0
5047,0,0
5049,0,0
5051,1,1
5053,1,1
5055,1,0
5057,0,0
5059,1,1
5061,0,0
5063,1,1
5065,1,0
5067,0,0
5069,1,1
5071,1,0
5073,0,0
5075,1,0
5077,1,0
5079,1,0
5081,0,0
5083,1,1
5085,0,0
5087,0,0
5089,0,0
5091,1,1
5093,1,1
5095,1,0
5097,0,0
5099,1,0
5101,0,0
5103,1,1
5105,1,0
5107,0,0
5109,0,0
5111,0,0
5113,0,0
5115,1,1
5117,0,0
5119,1,1
5121,1,0
5123,1,1
5125,1,1
5127,0,0
5129,0,0
5131,1,0
5133,1,1
5135,1,1
5137,0,0
5139,1,1
5141,0,0
5143,1,1
5145,1,0
5147,0,0
5149,0,0
6001,1,1
6003,0,0
6005,1,1
6007,1,0
6009,0,0
6011,0,0
6013,1,1
6015,1,1
6017,1,0
6019,1,0
6021,1,0
6023,1,0
6025,1,1
6027,0,0
6029,1,1
6031,1,1
6033,0,0
6035,0,0
6037,1,1
6039,1,0
6041,1,0
6043,0,0
6045,0,0
6047,1,1
6049,0,0
6051,1,1
6053,1,0
6055,1,0
6057,0,0
6059,1,1
6061,1,0
6063,0,0
6065,1,0
6067,1,1
6069,1,0
6071,1,1
6073,1,0
6075,1,1
6077,1,1
6079,1,1
6081,1,1
6083,1,0
6085,1,1
6087,1,0
6089,1,0
6091,0,0
6093,0,0
6095,1,0
6097,1,1
6099,1,0
6101,1,1
6103,0,0
6105,1,0
6107,1,1
6109,0,0
6111,1,1
6113,1,0
6115,1,0
8001,1,1
8003,1,0
8005,1,1
8007,0,0
8009,0,0
8011,1,0
8013,1,1
8014,1,1
8015,1,1
8017,1,0
8019,1,0
8021,1,0
8023,1,1
8025,1,0
8027,0,0
8029,1,0
8031,1,1
8033,0,0
8035,1,1
8037,1,1
8039,1,1
8041,1,1
8043,1,0
8045,1,1
8047,0,0
8049,0,0
8051,1,1
8053,0,0
8055,1,0
8057,0,0
8059,1,1
8061,0,0
8063,1,0
8065,1,0
8067,1,0
8069,1,1
8071,0,0
8073,0,0
8075,1,1
8077,1,0
8079,0,0
8081,0,0
8083,1,0
8085,1,1
8087,1,1
8089,1,1
8091,1,0
8093,1,0
8095,1,0
8097,1,0
8099,1,0
8101,1,0
8103,0,0
8105,0,0
8107,1,0
8109,1,0
8111,0,0
8113,1,0
8115,0,0
8117,1,1
8119,1,0
8121,0,0
8123,1,1
8125,1,0
9001,1,1
9003,1,1
9005,1,1
9007,1,1
9009,1,1
9011,1,1
9013,1,1
9015,1,1
10001,1,1
10003,1,1
10005,1,1
11001,1,1
12001,1,1
12003,1,1
12005,1,0
12007,0,0
12009,1,0
12011,1,1
12013,1,1
12015,1,1
12017,1,1
12019,1,0
12021,1,1
12023,1,1
12027,1,0
12029,1,1
12031,1,1
12033,1,1
12035,1,1
12037,0,0
12039,1,1
12041,1,1
12043,1,0
12045,0,0
12047,1,1
12049,1,1
12051,1,1
12053,1,0
12055,1,1
12057,1,1
12059,0,0
12061,1,0
12063,1,0
12065,0,0
12067,1,0
12069,1,1
12071,1,1
12073,1,1
12075,1,0
12077,1,0
12079,0,0
12081,1,1
12083,1,1
12085,1,1
12086,1,1
12087,1,1
12089,1,1
12091,1,1
12093,1,0
12095,1,1
12097,1,1
12099,1,1
12101,1,1
12103,1,1
12105,1,1
12107,1,0
12109,1,1
12111,1,1
12113,1,0
12115,1,1
12117,1,1
12119,1,1
12121,1,1
12123,0,0
12125,1,1
12127,1,1
12129,1,0
12131,1,1
12133,0,0
13001,1,1
13003,1,0
13005,1,0
13007,1,0
13009,1,1
13011,1,1
13013,1,1
13015,1,1
13017,1,0
13019,0,0
13021,1,1
13023,1,1
13025,1,1
13027,0,0
13029,1,0
13031,1,0
13033,1,1
13035,1,1
13037,1,0
13039,1,1
13043,1,0
13045,1,0
13047,1,1
13049,1,1
13051,1,1
13053,1,1
13055,1,0
13057,1,1
13059,1,1
13061,0,0
13063,1,1
13065,1,0
13067,1,1
13069,1,1
13071,1,1
13073,1,1
13075,0,0
13077,1,0
13079,0,0
13081,1,1
13083,0,0
13085,1,0
13087,1,1
13089,1,1
13091,1,1
13093,1,1
13095,1,0
13097,1,1
13099,1,0
13101,1,1
13103,0,0
13105,1,1
13107,1,1
13109,0,0
13111,1,1
13113,1,0
13115,1,1
13117,1,0
13119,1,1
13121,1,1
13123,1,1
13125,1,0
13127,1,1
13129,1,0
13131,1,0
13133,1,0
13135,1,1
13137,1,1
13139,1,1
13141,1,1
13143,1,1
13145,1,1
13147,1,1
13149,1,0
13151,1,0
13153,1,0
13155,1,0
13157,1,1
13159,0,0
13161,1,0
13163,1,1
13165,0,0
13167,1,1
13169,0,0
13171,1,0
13173,0,0
13175,1,1
13177,1,0
13179,1,1
13181,0,0
13183,0,0
13185,1,1
13187,1,1
13189,1,1
13191,1,1
13193,1,1
13195,1,0
13197,1,0
13199,1,1
13201,1,1
13205,1,1
13207,1,0
13209,1,0
13211,1,0
13213,1,1
13215,1,1
13217,1,1
13219,0,0
13221,1,0
13223,1,1
13225,1,1
13227,1,1
13229,1,1
13231,1,0
13233,1,0
13235,1,0
13237,1,0
13239,1,0
13241,1,0
13243,1,0
13245,1,1
13247,1,1
13249,0,0
13251,1,1
13253,1,1
13255,1,0
13257,1,1
13259,1,0
13261,1,1
13263,1,0
13265,0,0
13267,1,0
13269,1,0
13271,0,0
13273,1,1
13275,1,1
13277,1,1
13279,1,0
13281,1,1
13283,1,1
13285,1,0
13287,1,1
13289,0,0
13291,1,0
13293,1,1
13295,1,1
13297,1,1
13299,1,0
13301,1,0
13303,1,0
13305,1,1
13307,1,0
13309,1,0
13311,1,0
13313,1,1
13315,1,1
13317,0,0
13319,0,0
13321,1,1
15001,1,0
15003,1,1
15005,0,0
15007,0,0
15009,1,0
16001,1,0
16003,0,0
16005,1,0
16007,0,0
16009,0,0
16011,0,0
16013,1,0
16015,0,0
16017,0,0
16019,1,0
16021,0,0
16023,0,0
16025,0,0
16027,1,0
16029,0,0
16031,1,0
16033,0,0
16035,0,0
16037,0,0
16039,0,0
16041,0,0
16043,0,0
16045,1,0
16047,1,0
16049,0,0
16051,0,0
16053,1,0
16055,1,0
16057,0,0
16059,0,0
16061,0,0
16063,0,0
16065,1,0
16067,1,0
16069,0,0
16071,0,0
16073,0,0
16075,0,0
16077,1,0
16079,0,0
16081,1,0
16083,1,0
16085,0,0
16087,1,0
17001,1,0
17003,1,0
17005,1,1
17007,1,1
17009,1,0
17011,1,0
17013,0,0
17015,1,0
17017,1,0
17019,1,1
17021,1,0
17023,1,0
17025,0,0
17027,1,1
17029,1,1
17031,1,1
17033,1,0
17035,1,1
17037,1,1
17039,0,0
17041,1,1
17043,1,1
17045,0,0
17047,1,1
17049,1,0
17051,1,0
17053,1,0
17055,1,1
17057,1,1
17059,0,0
17061,1,0
17063,1,1
17065,0,0
17067,1,0
17069,0,0
17071,1,0
17073,1,1
17075,1,1
17077,1,1
17079,0,0
17081,1,1
17083,1,0
17085,1,0
17087,1,1
17089,1,1
17091,1,1
17093,1,1
17095,1,1
17097,1,1
17099,1,1
17101,1,1
17103,1,1
17105,1,0
17107,1,1
17109,1,1
17111,1,1
17113,1,1
17115,1,1
17117,0,0
17119,1,1
17121,1,0
17123,0,0
17125,0,0
17127,1,0
17129,1,0
17131,1,0
17133,1,0
17135,1,0
17137,1,1
17139,0,0
17141,1,0
17143,1,1
17145,1,0
17147,1,0
17149,0,0
17151,1,0
17153,1,1
17155,0,0
17157,1,1
17159,0,0
17161,1,1
17163,1,1
17165,1,0
17167,1,1
17169,1,0
17171,0,0
17173,0,0
17175,0,0
17177,1,1
17179,1,1
17181,1,1
17183,1,1
17185,0,0
17187,1,0
17189,1,0
17191,1,1
17193,0,0
17195,1,0
17197,1,1
17199,1,1
17201,1,1
17203,0,0
18001,0,0
18003,1,1
18005,1,1
18007,1,1
18009,1,0
18011,1,0
18013,1,0
18015,1,1
18017,1,1
18019,1,1
18021,1,0
18023,1,1
18025,1,1
18027,1,1
18029,1,0
18031,1,0
18033,1,0
18035,1,1
18037,1,1
18039,1,1
18041,1,0
18043,1,1
18045,1,0
18047,1,0
18049,1,0
18051,1,0
18053,0,0
18055,1,0
18057,1,1
18059,1,1
18061,1,1
18063,1,1
18065,1,1
18067,1,0
18069,1,0
18071,1,1
18073,1,1
18075,1,0
18077,1,0
18079,1,1
18081,1,0
18083,1,1
18085,1,1
18087,1,0
18089,1,1
18091,1,1
18093,1,1
18095,1,1
18097,1,1
18099,1,1
18101,0,0
18103,1,0
18105,1,0
18107,1,0
18109,1,1
18111,1,0
18113,1,1
18115,1,1
18117,1,0
18119,1,0
18121,1,0
18123,1,0
18125,1,0
18127,1,1
18129,1,0
18131,1,0
18133,1,1
18135,1,1
18137,1,1
18139,0,0
18141,1,1
18143,1,1
18145,1,0
18147,1,0
18149,1,1
18151,1,1
18153,1,1
18155,0,0
18157,1,1
18159,1,0
18161,0,0
18163,1,0
18165,0,0
18167,1,0
18169,1,0
18171,0,0
18173,1,1
18175,1,1
18177,1,0
18179,1,0
18181,1,0
18183,1,0
19001,1,1
19003,0,0
19005,1,0
19007,1,0
19009,1,0
19011,1,0
19013,1,1
19015,1,1
19017,1,1
19019,1,1
19021,1,1
19023,1,0
19025,0,0
19027,1,1
19029,0,0
19031,1,0
19033,0,0
19035,1,0
19037,1,0
19039,1,1
19041,1,0
19043,1,0
19045,1,0
19047,1,1
19049,1,1
19051,1,1
19053,0,0
19055,1,1
19057,1,1
19059,0,0
19061,1,1
19063,1,1
19065,0,0
19067,1,1
19069,1,0
19071,1,0
19073,1,0
19075,0,0
19077,1,0
19079,1,0
19081,0,0
19083,1,0
19085,0,0
19087,1,0
19089,0,0
19091,1,0
19093,1,1
19095,1,0
19097,1,0
19099,1,0
19101,1,1
19103,1,0
19105,1,0
19107,1,0
19109,0,0
19111,1,0
19113,1,1
19115,1,1
19117,0,0
19119,1,0
19121,1,1
19123,1,0
19125,1,1
19127,1,1
19129,1,0
19131,0,0
19133,1,0
19135,1,1
19137,1,0
19139,1,1
19141,1,1
19143,1,0
19145,1,0
19147,1,0
19149,1,1
19151,0,0
19153,1,1
19155,1,1
19157,1,1
19159,0,0
19161,1,1
19163,1,1
19165,1,0
19167,1,1
19169,1,1
19171,1,1
19173,0,0
19175,1,0
19177,0,0
19179,1,1
19181,1,1
19183,1,0
19185,0,0
19187,1,1
19189,1,0
19191,0,0
19193,1,1
19195,1,0
19197,1,0
20001,0,0
20003,1,0
20005,1,1
20007,0,0
20009,1,1
20011,0,0
20013,0,0
20015,0,0
20017,0,0
20019,0,0
20021,0,0
20023,0,0
20025,1,0
20027,0,0
20029,0,0
20031,0,0
20033,0,0
20035,0,0
20037,0,0
20039,0,0
20041,0,0
20043,1,1
20045,1,0
20047,0,0
20049,0,0
20051,0,0
20053,1,0
20055,1,1
20057,1,1
20059,1,1
20061,1,0
20063,0,0
20065,0,0
20067,1,1
20069,1,1
20071,0,0
20073,0,0
20075,1,1
20077,0,0
20079,0,0
20081,1,1
20083,0,0
20085,1,1
20087,1,1
20089,0,0
20091,1,1
20093,1,1
20095,0,0
20097,0,0
20099,0,0
20101,0,0
20103,1,1
20105,0,0
20107,0,0
20109,0,0
20111,1,1
20113,1,0
20115,0,0
20117,0,0
20119,1,0
20121,1,0
20123,0,0
20125,0,0
20127,0,0
20129,1,0
20131,0,0
20133,0,0
20135,0,0
20137,0,0
20139,1,0
20141,0,0
20143,0,0
20145,0,0
20147,0,0
20149,1,0
20151,0,0
20153,0,0
20155,1,0
20157,0,0
20159,1,1
20161,1,1
20163,0,0
20165,0,0
20167,0,0
20169,1,0
20171,1,1
20173,1,1
20175,1,1
20177,1,1
20179,0,0
20181,0,0
20183,0,0
20185,0,0
20187,1,0
20189,1,0
20191,1,1
20193,0,0
20195,0,0
20197,0,0
20199,0,0
20201,0,0
20203,0,0
20205,0,0
20207,0,0
20209,1,1
21001,1,0
21003,1,0
21005,1,0
21007,0,0
21009,1,0
21011,1,0
21013,0,0
21015,1,0
21017,0,0
21019,1,0
21021,1,0
21023,0,0
21025,0,0
21027,1,0
21029,1,0
21031,1,0
21033,0,0
21035,1,0
21037,1,0
21039,1,0
21041,0,0
21043,1,0
21045,0,0
21047,1,0
21049,0,0
21051,1,0
21053,0,0
21055,0,0
21057,0,0
21059,1,0
21061,1,0
21063,0,0
21065,0,0
21067,1,0
21069,0,0
21071,1,0
21073,1,0
21075,0,0
21077,0,0
21079,1,0
21081,1,0
21083,1,0
21085,1,0
21087,0,0
21089,1,0
21091,0,0
21093,1,0
21095,1,0
21097,1,0
21099,1,0
21101,1,0
21103,1,0
21105,0,0
21107,0,0
21109,0,0
21111,1,0
21113,1,0
21115,1,0
21117,1,0
21119,0,0
21121,1,0
21123,0,0
21125,1,0
21127,0,0
21129,0,0
21131,1,0
21133,0,0
21135,1,0
21137,0,0
21139,1,0
21141,1,0
21143,1,0
21145,1,0
21147,1,0
21149,1,0
21151,1,0
21153,0,0
21155,0,0
21157,1,0
21159,0,0
21161,1,0
21163,0,0
21165,0,0
21167,1,0
21169,1,0
21171,0,0
21173,1,0
21175,0,0
21177,1,0
21179,1,0
21181,0,0
21183,1,0
21185,1,0
21187,0,0
21189,0,0
21191,1,0
21193,1,0
21195,1,0
21197,0,0
21199,1,0
21201,0,0
21203,0,0
21205,1,0
21207,1,0
21209,1,0
21211,1,0
21213,1,0
21215,0,0
21217,1,0
21219,1,0
21221,0,0
21223,0,0
21225,0,0
21227,1,0
21229,0,0
21231,0,0
21233,1,0
21235,1,0
21237,0,0
21239,1,0
22001,1,0
22003,1,1
22005,1,1
22007,1,1
22009,1,1
22011,1,1
22013,0,1
22015,1,1
22017,1,1
22019,1,1
22021,1,0
22023,0,0
22025,1,1
22027,0,0
22029,1,1
22031,1,1
22033,1,1
22035,1,1
22037,1,1
22039,1,1
22041,1,1
22043,0,0
22045,1,1
22047,1,1
22049,1,0
22051,1,1
22053,1,1
22055,1,1
22057,1,1
22059,1,1
22061,1,1
22063,1,1
22065,1,0
22067,1,1
22069,1,0
22071,1,1
22073,1,1
22075,1,1
22077,1,1
22079,1,1
22081,1,1
22083,1,1
22085,1,1
22087,1,1
22089,1,1
22091,1,0
22093,1,1
22095,1,1
22097,1,1
22099,1,1
22101,1,1
22103,1,1
22105,1,1
22107,1,0
22109,1,1
22111,1,1
22113,1,1
22115,1,1
22117,1,0
22119,1,1
22121,0,0
22123,1,0
22125,1,1
22127,1,1
23001,1,1
23003,0,0
23005,1,1
23007,1,0
23009,0,0
23011,1,1
23013,1,0
23015,1,0
23017,1,0
23019,1,0
23021,0,0
23023,1,1
23025,1,1
23027,0,0
23029,0,0
23031,1,1
24001,1,1
24003,1,1
24005,1,1
24009,1,1
24011,1,1
24013,1,1
24015,1,1
24017,1,1
24019,1,0
24021,1,1
24023,1,0
24025,1,1
24027,1,1
24029,1,1
24031,1,1
24033,1,1
24035,1,1
24037,1,1
24039,1,0
24041,1,1
24043,1,1
24045,1,1
24047,1,1
24510,1,1
25001,1,1
25003,1,1
25005,1,1
25007,0,0
25009,1,1
25011,1,1
25013,1,1
25015,1,0
25017,1,1
25019,0,0
25021,1,1
25023,1,1
25025,1,1
25027,1,1
26001,0,0
26003,0,0
26005,1,1
26007,1,1
26009,0,0
26011,1,0
26013,0,0
26015,1,1
26017,1,0
26019,0,0
26021,1,1
26023,1,1
26025,1,1
26027,1,1
26029,0,0
26031,0,0
26033,0,0
26035,0,0
26037,1,1
26039,1,0
26041,0,0
26043,1,0
26045,1,1
26047,0,0
26049,1,0
26051,1,0
26053,0,0
26055,1,0
26057,1,1
26059,1,0
26061,0,0
26063,1,0
26065,1,1
26067,1,1
26069,1,0
26071,0,0
26073,0,0
26075,1,1
26077,1,1
26079,0,0
26081,1,1
26083,0,0
26085,0,0
26087,0,0
26089,0,0
26091,1,0
26093,1,0
26095,0,0
26097,0,0
26099,1,1
26101,0,0
26103,0,0
26105,1,0
26107,1,0
26109,0,0
26111,1,0
26113,0,0
26115,1,1
26117,1,1
26119,0,0
26121,1,1
26123,1,1
26125,1,1
26127,1,1
26129,0,0
26131,0,0
26133,1,0
26135,0,0
26137,1,0
26139,1,1
26141,0,0
26143,1,0
26145,1,1
26147,1,1
26149,1,1
26151,0,0
26153,1,0
26155,1,0
26157,1,0
26159,1,0
26161,1,1
26163,1,1
26165,1,0
27001,1,0
27003,1,1
27005,1,1
27007,0,0
27009,1,1
27011,0,0
27013,1,1
27015,1,1
27017,1,0
27019,1,1
27021,0,0
27023,1,1
27025,1,1
27027,1,1
27029,0,0
27031,0,0
27033,1,0
27035,1,0
27037,1,1
27039,1,0
27041,1,0
27043,0,0
27045,1,0
27047,1,1
27049,1,1
27051,1,0
27053,1,1
27055,1,0
27057,0,0
27059,1,0
27061,1,1
27063,1,0
27065,1,1
27067,1,1
27069,0,0
27071,1,0
27073,0,0
27075,1,0
27077,0,0
27079,1,0
27081,1,0
27083,1,1
27085,1,1
27087,1,0
27089,1,0
27091,1,1
27093,1,0
27095,1,0
27097,1,1
27099,1,1
27101,1,1
27103,1,1
27105,1,0
27107,1,0
27109,1,1
27111,1,1
27113,0,0
27115,1,0
27117,1,1
27119,1,1
27121,1,0
27123,1,1
27125,1,0
27127,0,0
27129,0,0
27131,1,1
27133,1,0
27135,0,0
27137,1,1
27139,1,1
27141,1,1
27143,1,0
27145,1,1
27147,1,1
27149,1,0
27151,1,1
27153,1,1
27155,1,0
27157,1,1
27159,1,0
27161,1,1
27163,1,1
27165,1,1
27167,0,0
27169,1,1
27171,1,1
27173,0,0
28001,1,1
28003,1,0
28005,1,0
28007,1,1
28009,1,0
28011,1,0
28013,1,0
28015,1,0
28017,1,1
28019,1,1
28021,1,0
28023,1,1
28025,1,1
28027,1,0
28029,1,1
28031,1,0
28033,1,1
28035,1,1
28037,1,0
28039,1,1
28041,0,0
28043,1,1
28045,1,1
28047,1,1
28049,1,1
28051,1,1
28053,1,1
28055,0,0
28057,1,1
28059,1,1
28061,1,1
28063,1,0
28065,1,1
28067,1,1
28069,1,1
28071,1,1
28073,1,1
28075,1,1
28077,1,1
28079,1,1
28081,1,0
28083,1,0
28085,1,1
28087,1,1
28089,1,0
28091,1,1
28093,1,1
28095,1,1
28097,1,0
28099,1,1
28101,1,1
28103,1,0
28105,1,1
28107,1,0
28109,1,0
28111,1,0
28113,1,0
28115,1,1
28117,1,0
28119,1,1
28121,1,1
28123,1,1
28125,0,0
28127,1,1
28129,1,1
28131,0,0
28133,1,0
28135,1,1
28137,1,0
28139,1,0
28141,1,0
28143,1,0
28145,1,1
28147,1,0
28149,1,1
28151,1,1
28153,1,0
28155,1,0
28157,1,0
28159,1,0
28161,1,1
28163,1,1
29001,0,0
29003,1,1
29005,0,0
29007,1,0
29009,1,0
29011,0,0
29013,0,0
29015,0,0
29017,0,0
29019,1,0
29021,1,1
29023,1,0
29025,0,0
29027,0,0
29029,1,0
29031,1,0
29033,1,0
29035,0,0
29037,1,0
29039,1,0
29041,1,1
29043,1,0
29045,0,0
29047,1,1
29049,1,0
29051,1,0
29053,0,0
29055,0,0
29057,0,0
29059,0,0
29061,0,0
29063,1,0
29065,0,0
29067,0,0
29069,1,0
29071,0,1
29073,0,0
29075,0,0
29077,1,1
29079,0,0
29081,1,1
29083,1,0
29085,0,0
29087,0,0
29089,1,0
29091,0,0
29093,0,0
29095,1,0
29097,1,0
29099,1,1
29101,1,0
29103,0,0
29105,1,0
29107,1,1
29109,1,0
29111,0,0
29113,1,0
29115,0,0
29117,0,0
29119,1,0
29121,0,0
29123,1,0
29125,0,0
29127,0,0
29129,0,0
29131,1,0
29133,1,0
29135,0,0
29137,0,0
29139,0,0
29141,1,0
29143,1,0
29145,1,1
29147,0,0
29149,0,0
29151,0,0
29153,0,0
29155,1,1
29157,1,1
29159,1,0
29161,0,0
29163,0,0
29165,1,1
29167,0,0
29169,0,0
29171,0,0
29173,1,0
29175,0,0
29177,0,0
29179,0,0
29181,0,0
29183,1,1
29185,0,0
29186,0,0
29187,1,0
29189,1,1
29195,1,1
29197,0,0
29199,0,0
29201,1,1
29203,0,0
29205,0,0
29207,1,1
29209,0,0
29211,1,1
29213,0,0
29215,0,0
29217,0,0
29219,1,0
29221,0,0
29223,0,0
29225,1,0
29227,0,0
29229,0,0
29510,1,1
30001,0,0
30003,1,0
30005,0,0
30007,0,0
30009,0,0
30011,0,0
30013,1,0
30015,0,0
30017,0,0
30019,0,0
30021,0,0
30023,0,0
30025,0,0
30027,0,0
30029,0,0
30031,1,0
30033,0,0
30035,0,0
30037,0,0
30039,0,0
30041,0,0
30043,1,0
30045,0,0
30047,0,0
30049,0,0
30051,0,0
30053,0,0
30055,0,0
30057,0,0
30059,0,0
30061,0,0
30063,0,0
30065,0,0
30067,0,0
30069,0,0
30071,0,0
30073,0,0
30075,0,0
30077,0,0
30079,0,0
30081,0,0
30083,0,0
30085,0,0
30087,0,0
30089,0,0
30091,0,0
30093,0,0
30095,0,0
30097,0,0
30099,0,0
30101,0,0
30103,0,0
30105,0,0
30107,0,0
30109,0,0
30111,0,1
31001,1,1
31003,1,0
31005,0,0
31007,0,0
31009,0,0
31011,0,0
31013,0,0
31015,0,0
31017,0,0
31019,1,1
31021,0,0
31023,1,0
31025,1,1
31027,1,0
31029,0,0
31031,0,0
31033,1,0
31035,1,1
31037,1,1
31039,1,1
31041,1,1
31043,1,1
31045,1,0
31047,1,1
31049,0,0
31051,1,1
31053,1,1
31055,1,1
31057,0,0
31059,0,0
31061,0,0
31063,0,0
31065,0,0
31067,1,0
31069,0,0
31071,0,0
31073,1,0
31075,0,0
31077,0,0
31079,1,1
31081,1,1
31083,0,0
31085,0,0
31087,0,0
31089,0,0
31091,0,0
31093,1,1
31095,1,1
31097,1,0
31099,1,0
31101,1,0
31103,0,0
31105,0,0
31107,1,0
31109,1,1
31111,1,0
31113,0,0
31115,0,0
31117,0,0
31119,1,1
31121,1,1
31123,1,0
31125,0,0
31127,1,1
31129,0,0
31131,1,1
31133,0,0
31135,0,0
31137,1,0
31139,0,0
31141,1,1
31143,0,0
31145,0,0
31147,1,1
31149,0,0
31151,1,1
31153,1,1
31155,1,1
31157,1,1
31159,1,1
31161,0,0
31163,1,1
31165,0,0
31167,0,0
31169,0,0
31171,0,0
31173,1,1
31175,1,1
31177,1,0
31179,1,1
31181,0,0
31183,0,0
31185,1,0
32001,1,0
32003,1,1
32005,1,0
32007,1,0
32009,0,0
32011,0,0
32013,1,0
32015,1,0
32017,1,0
32019,1,1
32021,0,0
32023,1,1
32027,0,0
32029,0,0
32031,1,1
32033,0,0
32510,1,0
33001,1,0
33003,1,0
33005,1,1
33007,0,0
33009,1,1
33011,1,1
33013,1,1
33015,1,1
33017,1,1
33019,1,0
34001,1,1
34003,1,1
34005,1,1
34007,1,1
34009,1,1
34011,1,1
34013,1,1
34015,1,1
34017,1,0
34019,1,1
34021,1,1
34023,1,1
34025,1,1
34027,1,1
34029,1,1
34031,1,1
34033,1,1
34035,1,1
34037,1,0
34039,1,1
34041,1,0
35001,1,1
35003,0,0
35005,1,1
35006,1,1
35007,0,0
35009,1,1
35011,0,0
35013,1,1
35015,1,0
35017,0,0
35019,1,0
35021,0,0
35023,0,0
35025,1,0
35027,0,0
35028,0,0
35029,1,0
35031,1,1
35033,0,0
35035,0,0
35037,1,0
35039,1,0
35041,1,1
35043,1,1
35045,1,1
35047,1,0
35049,1,1
35051,0,0
35053,0,0
35055,1,1
35057,0,0
35059,0,0
35061,1,1
36001,1,1
36003,1,1
36005,0,0
36007,1,0
36009,1,0
36011,1,0
36013,1,1
36015,1,1
36017,1,0
36019,1,1
36021,1,1
36023,1,1
36025,1,1
36027,1,1
36029,1,1
36031,1,0
36033,1,0
36035,1,1
36037,1,0
36039,1,0
36041,0,0
36043,1,1
36045,1,0
36047,0,0
36049,1,0
36051,1,1
36053,1,1
36055,1,1
36057,1,1
36059,1,1
36061,1,1
36063,1,1
36065,1,1
36067,1,1
36069,1,1
36071,1,1
36073,1,1
36075,1,0
36077,0,0
36079,1,1
36081,0,0
36083,1,1
36085,0,0
36087,1,1
36089,1,1
36091,1,1
36093,1,1
36095,1,1
36097,1,0
36099,1,0
36101,1,1
36103,1,1
36105,1,1
36107,1,1
36109,1,1
36111,1,1
36113,1,1
36115,1,1
36117,1,1
36119,1,1
36121,1,0
36123,1,1
37001,1,1
37003,1,1
37005,1,1
37007,1,1
37009,1,1
37011,0,0
37013,1,1
37015,1,1
37017,1,1
37019,1,0
37021,1,1
37023,1,1
37025,1,1
37027,1,1
37029,0,0
37031,1,0
37033,1,0
37035,1,1
37037,1,1
37039,1,0
37041,1,1
37043,1,0
37045,1,1
37047,1,1
37049,1,1
37051,1,1
37053,1,0
37055,1,0
37057,1,1
37059,1,1
37061,1,1
37063,1,1
37065,1,1
37067,1,1
37069,1,1
37071,1,1
37073,1,0
37075,0,0
37077,1,1
37079,1,1
37081,1,1
37083,1,1
37085,1,1
37087,1,1
37089,1,1
37091,1,0
37093,1,1
37095,0,0
37097,1,1
37099,1,1
37101,1,1
37103,1,1
37105,1,1
37107,1,1
37109,1,1
37111,1,0
37113,0,0
37115,0,0
37117,1,0
37119,1,1
37121,0,0
37123,1,0
37125,1,1
37127,1,1
37129,1,0
37131,1,1
37133,1,1
37135,1,0
37137,0,0
37139,1,0
37141,1,1
37143,1,0
37145,1,1
37147,1,1
37149,1,0
37151,1,1
37153,1,1
37155,1,1
37157,1,0
37159,1,1
37161,1,0
37163,1,1
37165,1,1
37167,0,0
37169,1,1
37171,1,1
37173,1,0
37175,0,0
37177,0,0
37179,1,1
37181,1,1
37183,1,1
37185,1,0
37187,0,0
37189,0,0
37191,1,1
37193,1,1
37195,1,1
37197,1,1
37199,1,0
38001,0,0
38003,0,0
38005,1,0
38007,0,0
38009,0,0
38011,0,0
38013,0,0
38015,1,1
38017,1,1
38019,0,0
38021,0,0
38023,0,0
38025,0,0
38027,1,0
38029,0,0
38031,0,0
38033,0,0
38035,1,1
38037,1,0
38039,0,0
38041,0,0
38043,0,0
38045,0,0
38047,0,0
38049,1,0
38051,0,0
38053,1,0
38055,0,0
38057,1,0
38059,1,1
38061,1,0
38063,0,0
38065,0,0
38067,1,0
38069,1,0
38071,1,0
38073,1,0
38075,0,0
38077,1,0
38079,1,0
38081,1,0
38083,0,0
38085,0,0
38087,0,0
38089,1,0
38091,0,0
38093,1,0
38095,0,0
38097,1,0
38099,1,1
38101,1,0
38103,0,0
38105,1,0
39001,1,0
39003,1,1
39005,1,0
39007,1,1
39009,1,0
39011,1,1
39013,1,1
39015,1,1
39017,1,1
39019,1,0
39021,1,1
39023,1,1
39025,1,1
39027,1,1
39029,1,1
39031,1,0
39033,1,1
39035,1,1
39037,1,1
39039,1,0
39041,1,1
39043,1,1
39045,1,1
39047,1,0
39049,1,1
39051,1,0
39053,0,0
39055,1,1
39057,1,1
39059,1,0
39061,1,1
39063,1,1
39065,1,1
39067,1,1
39069,1,0
39071,1,0
39073,1,1
39075,1,0
39077,1,0
39079,1,1
39081,1,0
39083,0,0
39085,1,1
39087,1,1
39089,1,1
39091,1,0
39093,1,1
39095,1,1
39097,1,1
39099,1,1
39101,1,1
39103,1,1
39105,0,0
39107,1,1
39109,1,1
39111,1,1
39113,1,1
39115,0,0
39117,1,1
39119,1,1
39121,0,0
39123,1,1
39125,1,1
39127,1,0
39129,1,1
39131,1,0
39133,1,1
39135,1,0
39137,1,0
39139,1,1
39141,1,0
39143,1,0
39145,0,0
39147,0,0
39149,1,0
39151,1,1
39153,1,1
39155,1,1
39157,1,1
39159,1,0
39161,0,0
39163,1,0
39165,1,1
39167,1,1
39169,1,1
39171,1,0
39173,1,0
39175,1,1
40001,1,0
40003,0,0
40005,1,0
40007,1,1
40009,0,0
40011,0,0
40013,0,0
40015,1,1
40017,1,1
40019,1,0
40021,1,0
40023,0,0
40025,0,0
40027,1,1
40029,0,0
40031,1,1
40033,0,0
40035,0,0
40037,1,1
40039,1,0
40041,0,0
40043,0,0
40045,0,0
40047,1,1
40049,1,0
40051,1,1
40053,0,0
40055,0,0
40057,0,0
40059,0,0
40061,0,0
40063,0,0
40065,0,0
40067,1,0
40069,0,0
40071,1,1
40073,1,1
40075,1,0
40077,0,0
40079,0,0
40081,1,0
40083,1,0
40085,1,0
40087,1,1
40089,0,0
40091,1,0
40093,1,0
40095,0,0
40097,1,0
40099,0,0
40101,1,0
40103,0,0
40105,1,0
40107,1,1
40109,1,1
40111,0,0
40113,1,0
40115,0,0
40117,0,0
40119,0,0
40121,0,0
40123,0,0
40125,1,1
40127,0,0
40129,0,0
40131,1,1
40133,1,0
40135,1,0
40137,0,0
40139,1,1
40141,1,1
40143,1,1
40145,1,1
40147,1,0
40149,0,0
40151,0,0
40153,0,0
41001,0,0
41003,1,0
41005,1,0
41007,1,1
41009,1,1
41011,1,1
41013,0,0
41015,0,0
41017,1,0
41019,0,0
41021,0,0
41023,0,0
41025,0,0
41027,1,1
41029,1,0
41031,1,0
41033,1,0
41035,1,0
41037,0,0
41039,1,0
41041,0,0
41043,1,1
41045,1,1
41047,1,1
41049,1,0
41051,1,1
41053,1,0
41055,0,0
41057,0,0
41059,1,1
41061,0,0
41063,0,0
41065,1,0
41067,1,1
41069,0,0
41071,1,0
42001,1,1
42003,1,1
42005,0,1
42007,1,1
42009,1,0
42011,1,1
42013,1,1
42015,1,1
42017,1,1
42019,1,0
42021,1,1
42023,0,0
42025,1,1
42027,1,1
42029,1,1
42031,1,1
42033,1,1
42035,1,0
42037,1,0
42039,1,0
42041,1,0
42043,1,1
42045,1,1
42047,1,1
42049,1,1
42051,1,0
42053,0,0
42055,1,1
42057,1,0
42059,0,0
42061,1,1
42063,1,1
42065,0,0
42067,1,0
42069,1,1
42071,1,1
42073,1,0
42075,1,1
42077,1,1
42079,1,1
42081,1,1
42083,1,0
42085,1,1
42087,1,1
42089,1,0
42091,1,1
42093,0,1
42095,1,1
42097,1,1
42099,1,0
42101,1,1
42103,1,1
42105,0,0
42107,1,1
42109,0,0
42111,0,0
42113,0,0
42115,0,0
42117,0,0
42119,1,1
42121,0,0
42123,1,1
42125,1,1
42127,0,0
42129,1,0
42131,1,0
42133,1,1
44001,1,0
44003,1,1
44005,1,1
44007,1,1
44009,1,1
45001,1,0
45003,1,1
45005,1,1
45007,1,1
45009,1,0
45011,1,1
45013,1,0
45015,1,1
45017,1,1
45019,1,0
45021,1,0
45023,1,0
45025,1,1
45027,1,0
45029,1,1
45031,1,0
45033,1,1
45035,1,0
45037,1,1
45039,1,1
45041,1,1
45043,1,0
45045,1,1
45047,1,1
45049,0,0
45051,1,1
45053,1,0
45055,1,0
45057,1,0
45059,1,0
45061,1,1
45063,1,1
45065,0,0
45067,1,0
45069,1,1
45071,0,0
45073,1,0
45075,1,1
45077,1,1
45079,1,1
45081,1,1
45083,1,1
45085,1,1
45087,1,0
45089,1,1
45091,1,1
46003,1,0
46005,1,0
46007,0,0
46009,0,0
46011,0,0
46013,1,1
46015,0,0
46017,0,0
46019,0,0
46021,0,0
46023,1,1
46025,1,0
46027,1,1
46029,1,1
46031,1,0
46033,0,0
46035,1,0
46037,0,0
46039,0,0
46041,0,0
46043,0,0
46045,0,0
46047,0,0
46049,0,0
46051,1,1
46053,0,0
46055,0,0
46057,0,0
46059,0,0
46061,0,0
46063,0,0
46065,1,0
46067,0,0
46069,0,0
46071,0,0
46073,0,0
46075,0,0
46077,0,0
46079,1,0
46081,0,0
46083,1,1
46085,0,0
46087,1,0
46089,0,0
46091,0,0
46093,1,1
46095,0,0
46097,0,0
46099,1,1
46101,1,1
46102,1,1
46103,1,1
46105,0,0
46107,0,0
46109,1,0
46111,0,0
46115,1,0
46117,0,0
46119,0,0
46121,1,1
46123,0,0
46125,0,0
46127,1,0
46129,0,0
46135,1,1
46137,0,0
47001,1,1
47003,1,1
47005,0,0
47007,1,0
47009,1,1
47011,1,1
47013,1,0
47015,1,0
47017,1,0
47019,1,0
47021,1,1
47023,1,0
47025,1,0
47027,0,0
47029,1,0
47031,1,1
47033,1,0
47035,1,1
47037,1,1
47039,0,0
47041,1,0
47043,1,0
47045,1,1
47047,1,1
47049,1,0
47051,1,0
47053,1,0
47055,0,0
47057,0,0
47059,1,1
47061,1,0
47063,1,1
47065,1,1
47067,0,0
47069,1,1
47071,1,0
47073,0,0
47075,1,0
47077,0,0
47079,1,0
47081,1,0
47083,0,0
47085,1,0
47087,1,0
47089,0,0
47091,1,1
47093,1,1
47095,1,1
47097,1,0
47099,1,0
47101,0,0
47103,0,0
47105,1,1
47107,1,1
47109,1,1
47111,1,1
47113,1,0
47115,0,0
47117,1,0
47119,1,1
47121,1,0
47123,1,0
47125,1,1
47127,0,0
47129,1,0
47131,1,0
47133,1,0
47135,0,0
47137,1,0
47139,0,0
47141,1,1
47143,0,0
47145,1,0
47147,1,1
47149,1,1
47151,0,0
47153,0,1
47155,1,0
47157,1,1
47159,1,0
47161,0,0
47163,1,0
47165,1,1
47167,1,1
47169,1,1
47171,1,0
47173,1,1
47175,0,0
47177,1,0
47179,1,0
47181,0,0
47183,0,0
47185,1,0
47187,1,1
47189,1,1
48001,1,0
48003,1,0
48005,1,0
48007,0,0
48009,0,0
48011,0,0
48013,1,0
48015,1,0
48017,1,0
48019,0,0
48021,1,1
48023,0,0
48025,0,0
48027,1,1
48029,1,1
48031,0,0
48033,0,0
48035,1,0
48037,1,1
48039,1,1
48041,1,1
48043,0,0
48045,0,0
48047,0,0
48049,1,1
48051,1,0
48053,1,0
48055,1,1
48057,1,0
48059,1,1
48061,1,1
48063,1,1
48065,0,0
48067,1,0
48069,1,1
48071,1,0
48073,1,1
48075,1,0
48077,0,0
48079,0,0
48081,0,0
48083,1,0
48085,1,1
48087,1,0
48089,1,1
48091,1,1
48093,0,0
48095,0,0
48097,1,1
48099,1,1
48101,0,0
48103,0,0
48105,0,0
48107,0,0
48109,0,0
48111,1,1
48113,1,1
48115,1,1
48117,1,1
48119,0,0
48121,1,1
48123,1,0
48125,0,0
48127,0,0
48129,0,0
48131,1,0
48133,0,0
48135,1,0
48137,0,0
48139,1,1
48141,1,1
48143,1,0
48145,0,0
48147,1,1
48149,1,0
48151,0,0
48153,0,0
48155,0,0
48157,1,0
48159,0,0
48161,0,0
48163,1,0
48165,1,0
48167,1,1
48169,1,0
48171,0,0
48173,0,0
48175,0,0
48177,1,1
48179,1,1
48181,1,1
48183,1,1
48185,1,1
48187,1,0
48189,1,1
48191,0,0
48193,1,0
48195,1,0
48197,0,0
48199,1,0
48201,1,1
48203,1,1
48205,1,0
48207,0,0
48209,1,1
48211,0,0
48213,1,1
48215,1,1
48217,1,0
48219,1,1
48221,1,0
48223,1,0
48225,1,1
48227,0,0
48229,0,0
48231,1,0
48233,1,1
48235,0,0
48237,0,0
48239,1,0
48241,1,0
48243,0,0
48245,1,1
48247,0,0
48249,1,0
48251,1,1
48253,1,1
48255,1,1
48257,1,1
48259,1,0
48261,0,0
48263,0,0
48265,1,0
48267,1,0
48269,0,0
48271,0,0
48273,1,0
48275,0,0
48277,1,1
48279,1,0
48281,1,0
48283,1,1
48285,1,1
48287,1,0
48289,1,0
48291,1,1
48293,1,0
48295,0,0
48297,0,0
48299,0,0
48301,0,0
48303,1,1
48305,0,0
48307,0,0
48309,1,1
48311,0,0
48313,1,0
48315,0,0
48317,0,0
48319,1,0
48321,0,0
48323,1,0
48325,1,1
48327,0,0
48329,1,1
48331,1,0
48333,1,0
48335,0,0
48337,0,0
48339,1,1
48341,1,0
48343,0,0
48345,0,0
48347,1,1
48349,1,1
48351,0,0
48353,0,0
48355,1,1
48357,1,1
48359,0,0
48361,1,0
48363,0,0
48365,1,0
48367,1,1
48369,1,1
48371,1,1
48373,1,0
48375,1,1
48377,0,0
48379,0,0
48381,1,1
48383,0,0
48385,0,0
48387,1,1
48389,1,0
48391,1,1
48393,0,0
48395,1,1
48397,1,1
48399,0,0
48401,1,0
48403,1,0
48405,1,0
48407,1,0
48409,1,0
48411,0,0
48413,0,0
48415,0,0
48417,1,0
48419,1,1
48421,1,0
48423,1,1
48425,0,0
48427,1,0
48429,1,1
48431,0,0
48433,0,0
48435,0,0
48437,1,0
48439,1,1
48441,0,1
48443,0,0
48445,0,0
48447,0,0
48449,1,1
48451,1,0
48453,1,1
48455,1,0
48457,0,0
48459,1,0
48461,0,0
48463,0,0
48465,0,0
48467,1,1
48469,1,0
48471,1,1
48473,1,0
48475,0,0
48477,1,1
48479,1,0
48481,1,0
48483,1,0
48485,1,1
48487,0,0
48489,1,0
48491,1,1
48493,1,0
48495,0,0
48497,1,1
48499,1,0
48501,0,0
48503,0,0
48505,0,0
48507,1,1
49001,0,0
49003,0,0
49005,0,0
49007,0,0
49009,0,0
49011,1,1
49013,0,0
49015,0,0
49017,0,0
49019,0,0
49021,0,0
49023,0,0
49025,0,0
49027,0,0
49029,0,0
49031,0,0
49033,0,0
49035,1,1
49037,1,0
49039,0,0
49041,0,0
49043,1,1
49045,1,1
49047,0,0
49049,1,1
49051,1,1
49053,0,0
49055,0,0
49057,0,0
50001,1,0
50003,1,0
50005,0,0
50007,1,0
50009,0,0
50011,0,0
50013,0,0
50015,1,1
50017,0,0
50019,0,0
50021,0,0
50023,1,0
50025,1,0
50027,1,1
51001,1,1
51003,1,1
51005,0,0
51007,0,0
51009,1,1
51011,1,0
51013,1,1
51015,1,1
51017,0,0
51019,1,1
51021,0,0
51023,1,0
51025,1,0
51027,0,0
51029,1,1
51031,0,0
51033,1,1
51035,1,1
51036,1,0
51037,0,0
51041,1,1
51043,1,0
51045,0,0
51047,1,1
51049,1,1
51051,0,0
51053,1,0
51057,1,1
51059,1,1
51061,1,1
51063,1,1
51065,1,1
51067,1,1
51069,1,1
51071,1,0
51073,1,1
51075,1,0
51077,1,1
51079,1,0
51081,1,1
51083,1,1
51085,1,1
51087,1,1
51089,1,1
51091,0,0
51093,1,0
51095,1,0
51097,1,0
51099,1,0
51101,1,0
51103,1,0
51105,0,0
51107,1,1
51109,1,1
51111,1,0
51113,1,1
51115,1,0
51117,1,0
51119,1,0
51121,1,0
51125,1,0
51127,1,1
51131,1,1
51133,1,1
51135,0,0
51137,1,1
51139,1,1
51141,1,1
51143,1,0
51145,1,1
51147,1,1
51149,1,1
51153,1,1
51155,0,0
51157,1,0
51159,1,0
51161,1,1
51163,1,1
51165,1,1
51167,1,0
51169,0,0
51171,1,1
51173,1,1
51175,1,0
51177,1,1
51179,1,1
51181,1,0
51183,1,0
51185,0,0
51187,1,1
51191,1,1
51193,1,1
51195,0,0
51197,1,1
51199,1,1
51510,1,1
51520,1,0
51530,1,0
51540,1,0
51550,1,1
51570,1,1
51580,0,0
51590,1,0
51595,1,1
51600,1,1
51610,1,1
51620,1,0
51630,1,1
51640,1,1
51650,1,1
51660,1,1
51670,1,1
51678,0,0
51680,1,1
51683,1,1
51685,1,1
51690,0,0
51700,1,1
51710,1,1
51720,0,0
51730,1,0
51735,0,0
51740,1,1
51750,0,0
51760,1,1
51770,1,1
51775,1,0
51790,1,1
51800,1,1
51810,1,1
51820,1,0
51830,1,0
51840,1,1
53001,1,0
53003,0,0
53005,1,1
53007,1,1
53009,0,0
53011,1,1
53013,0,0
53015,1,0
53017,1,1
53019,0,0
53021,1,0
53023,0,0
53025,1,1
53027,1,0
53029,1,1
53031,1,0
53033,1,1
53035,1,0
53037,1,0
53039,1,1
53041,1,1
53043,0,0
53045,1,1
53047,1,0
53049,1,0
53051,0,0
53053,1,1
53055,1,0
53057,1,1
53059,0,0
53061,1,1
53063,1,1
53065,0,0
53067,1,0
53069,1,0
53071,1,0
53073,1,0
53075,1,1
53077,1,1
54001,1,0
54003,1,1
54005,1,0
54007,0,0
54009,0,0
54011,1,0
54013,0,0
54015,1,0
54017,0,0
54019,1,0
54021,1,0
54023,1,1
54025,1,0
54027,1,0
54029,1,0
54031,1,1
54033,1,0
54035,1,0
54037,1,1
54039,1,1
54041,0,0
54043,1,0
54045,0,0
54047,0,0
54049,0,0
54051,1,0
54053,1,0
54055,1,0
54057,1,1
54059,1,0
54061,1,0
54063,0,0
54065,1,0
54067,0,0
54069,1,0
54071,0,0
54073,0,0
54075,0,0
54077,1,0
54079,1,1
54081,1,0
54083,0,0
54085,0,0
54087,1,0
54089,0,0
54091,0,0
54093,0,0
54095,0,0
54097,1,0
54099,1,0
54101,0,0
54103,1,0
54105,0,0
54107,1,0
54109,0,0
55001,0,0
55003,0,0
55005,1,0
55007,0,0
55009,1,1
55011,0,0
55013,0,0
55015,1,1
55017,1,0
55019,1,0
55021,1,0
55023,1,0
55025,1,1
55027,1,1
55029,1,1
55031,1,0
55033,1,1
55035,1,1
55037,0,0
55039,1,1
55041,1,1
55043,1,1
55045,1,1
55047,1,1
55049,0,0
55051,0,0
55053,1,0
55055,1,1
55057,1,0
55059,1,1
55061,1,0
55063,1,0
55065,1,1
55067,0,0
55069,0,0
55071,1,0
55073,1,1
55075,1,0
55077,0,0
55078,1,0
55079,1,1
55081,1,0
55083,1,0
55085,1,0
55087,1,1
55089,1,1
55091,0,0
55093,1,0
55095,0,0
55097,0,0
55099,0,0
55101,1,1
55103,0,0
55105,1,1
55107,0,0
55109,1,1
55111,1,0
55113,0,0
55115,1,1
55117,1,0
55119,0,0
55121,1,0
55123,1,1
55125,0,0
55127,1,0
55129,0,0
55131,1,1
55133,1,1
55135,1,1
55137,0,0
55139,1,1
55141,1,0
56001,0,0
56003,0,0
56005,1,0
56007,0,0
56009,0,0
56011,0,0
56013,1,1
56015,1,0
56017,0,0
56019,0,0
56021,1,1
56023,1,0
56025,0,1
56027,0,0
56029,0,0
56031,0,0
56033,0,0
56035,0,0
56037,1,0
56039,1,1
56041,1,0
56043,0,0
56045,0,0
